Parameters
ra = 1.000000000e-01
rb = 1.000000000e-01
m = 4.000000000e+00
Ixx = 3.750000000e-02
Iyy = 3.750000000e-02
Izz = 1.000000000e-02
Ixy = -3.061616998e-19
alpha = 1.570796327e+00
l = 1.500000000e-01
g = 9.810000000e+00
Initial Conditions
   0.000000000e+00   7.853981634e-01   1.570796327e+00   5.000000000e-01   5.000000000e-01   1.000000000e+00
